 3.90843000e-01 8.00000000e+01
 4.14212000e-01 7.00000000e+01
 5.45568000e-01 5.00000000e+01
 4.69817000e-01 6.00000000e+01
 1.93487200e+00 1.20000000e+01
 4.55311000e-01 7.00000000e+01
 5.46374000e-01 5.00000000e+01
 3.89231000e-01 8.00000000e+01
 8.48571000e-01 3.00000000e+01
 7.04322000e-01 4.00000000e+01
 1.49164800e+00 1.60000000e+01
 1.93406600e+00 1.20000000e+01
 2.31362700e+00 1.00000000e+01
 5.47985000e-01 5.00000000e+01
 4.10183000e-01 7.50000000e+01
 1.93084300e+00 1.20000000e+01
 1.24424900e+00 2.00000000e+01
 8.46154000e-01 3.00000000e+01
 4.48864000e-01 7.50000000e+01
 5.29451000e-01 5.00000000e+01
 7.75238000e-01 3.30000000e+01
 7.72821000e-01 3.30000000e+01
 2.31201500e+00 1.00000000e+01
 4.71429000e-01 6.00000000e+01
 2.31443200e+00 1.00000000e+01
 2.32490800e+00 1.00000000e+01
 4.72234000e-01 6.00000000e+01
 5.23810000e-01 5.00000000e+01
 6.61612000e-01 4.00000000e+01
 5.46374000e-01 5.40000000e+01
 6.60806000e-01 4.00000000e+01
 5.29451000e-01 6.00000000e+01
 6.61612000e-01 4.00000000e+01
 1.92681300e+00 1.20000000e+01
 4.30330000e-01 8.00000000e+01
 1.24102600e+00 2.00000000e+01
 8.54213000e-01 3.00000000e+01
 8.52601000e-01 3.00000000e+01
 1.49406600e+00 1.60000000e+01
 5.56044000e-01 5.40000000e+01
 7.75238000e-01 3.30000000e+01
 1.49003700e+00 1.60000000e+01
 1.24183200e+00 2.00000000e+01
 8.15531000e-01 3.30000000e+01
 4.15824000e-01 7.00000000e+01
 4.89963000e-01 5.40000000e+01
 4.73040000e-01 6.00000000e+01
 4.35971000e-01 7.00000000e+01
 4.53700000e-01 7.50000000e+01
 7.73626000e-01 3.30000000e+01
 5.10110000e-01 5.40000000e+01
 5.29451000e-01 5.40000000e+01
 1.24263800e+00 2.00000000e+01
 1.49084300e+00 1.60000000e+01
 3.92454000e-01 8.00000000e+01
 2.31282100e+00 1.00000000e+01
 3.91648000e-01 7.50000000e+01
 4.08571000e-01 7.50000000e+01
 1.28615400e+00 2.00000000e+01
 4.12601000e-01 7.00000000e+01
 8.51795000e-01 3.00000000e+01
 3.91648000e-01 8.00000000e+01
 1.92923100e+00 1.20000000e+01
 6.60806000e-01 4.00000000e+01
 1.49164800e+00 1.60000000e+01
